56.466
55.5972
46.5403
45.0451
38.846
38.846
36.9486
30.9679
30.9679
30.8388
27.3985
26.8098
25.7611
23.1407
20.8135
19.3602
19.2373
17.9628
15.6363
15.6363
15.2047
13.7362
10.1953
9.76079
9.76079
9.76079
9.68783
9.40532
9.05082
7.38036
7.07509
7.07509
7.01071
6.65151
6.46566
5.98614
5.98614
5.77758
5.56199
5.34124
5.34124
5.13499
5.13499
5.13499
4.48677
4.02098
4.02098
3.98331
3.98331
3.98331
3.68187
3.66035
3.54885
3.48048
3.42938
3.30315
3.13976
2.95938
2.95938
2.79266
2.73114
2.69367
2.52549
2.52549
2.36272
2.27117
2.04783
2.04783
2.04424
1.99365
1.91041
1.76122
1.76122
1.68183
1.68183
1.59469
1.47691
1.47157
1.36559
1.36559
1.31213
1.31213
1.16485
1.16485
1.16485
1.16485
1.16115
1.1227
1.10049
1.08027
1.07535
1.0173
0.971317
0.970887
0.963283
0.934326
0.890827
0.772393
0.749905
0.749905
0.73092
0.703018
0.703018
0.703018
0.703018
0.688663
0.681358
0.681358
0.659694
0.569046
0.563446
0.560719
0.560719
0.560719
0.559566
0.553083
0.553083
0.543537
0.543537
0.53476
0.521515
0.501988
0.501988
0.498715
0.49773
0.482437
0.481822
0.471062
0.471062
0.455165
0.455165
0.441114
0.434366
0.414389
0.403093
0.403093
0.402999
0.402909
0.388976
0.382109
0.374671
0.354592
0.354592
0.328382
0.327465
0.31606
0.314001
0.314001
0.303276
0.295352
0.285216
0.276463
0.276223
0.262157
0.253259
0.251267
0.251267
0.244824
0.244824
0.244824
0.244824
0.244824
0.239164
0.237956
0.237956
0.230618
0.230618
0.224892
0.210421
0.204079
0.18484
0.180694
0.180694
0.180249
0.180249
0.179861
0.175445
0.17215
0.17215
0.162386
0.160448
0.159306
0.145745
0.145745
0.145745
0.145745
0.145745
0.145459
0.145459
0.142063
0.141771
0.14033
0.139238
0.138106
0.138106
0.138106
0.138106
0.130794
0.130794
0.114518
0.114518
0.114518
0.114518
0.114518
0.114518
0.114518
0.107689
0.107559
0.107559
0.107559
0.107559
0.0965537
0.0965537
0.096479
0.096108
0.096108
0.0940499
0.0918779
0.0918779
0.0918779
0.0918007
0.0918007
0.0890421
0.0846898
0.0846898
0.0763646
0.0763646
0.0759751
0.0748105
0.074493
0.074493
0.0741341
0.0702299
0.0702299
0.0702299
0.0702299
0.0702299
0.0670224
0.0670224
0.0656269
0.0656269
0.0643599
0.0614994
0.0588463
0.0588463
0.0588463
0.0539575
0.0539575
0.0528698
0.0509909
0.0509909
0.0509909
0.0503673
0.0478409
0.0478409
0.0478409
0.0476766
0.0474398
0.0465565
0.0461663
0.0461663
0.0452757
0.0438812
0.0438812
0.0438812
0.0438812
0.0438812
0.0438812
0.0438812
0.0435046
0.0435046
0.0432053
0.0390526
0.0390526
0.0341901
0.033758
0.033758
0.033758
0.0336093
0.0336093
0.0336093
0.0336093
0.0336093
0.029186
0.029186
0.029186
0.029186
0.029186
0.029186
0.029186
0.029186
0.029186
0.029186
0.029186
0.028391
0.028391
0.028391
0.028391
0.028391
0.0278
0.0277882
0.0267397
0.0266595
0.0266595
0.0265059
0.0264113
0.0255121
0.0249024
0.0232699
0.0207453
0.0207453
0.0189074
0.0171701
0.0167895
0.0167786
0.0167786
0.0164022
0.0155619
0.0154879
0.0145264
0.0145264
0.0145012
0.0145012
0.0144771
0.0144771
0.0144771
0.0144771
0.0144771
0.0144771
0.0144771
0.0139183
0.0138349
0.0138349
0.0137789
0.0137789
0.0136338
0.0136338
0.0136338
0.0136338
0.0136338
0.0136338
0.0136338
0.0136338
0.0136338
0.0136338
0.0133252
0.0133252
0.0123815
0.0123076
0.0121412
0.0103741
0.0101511
0.0101511
0.0101412
0.0100349
0.00969321
0.00969321
0.00910193
0.00910193
0.00910193
0.00910193
0.00910193
0.00910193
0.00908859
0.00908859
0.00908859
0.00908859
0.00908859
0.00908859
0.00902115
0.00884324
0.00851492
0.00851492
0.0084803
0.0084803
0.0084803
0.0084803
0.00783487
0.00783487
0.00783487
0.00720668
0.00720668
0.00720668
0.0071337
0.00712512
0.00703931
0.00703931
0.00703931
0.00697211
0.00661313
0.00657265
0.00657265
0.00640617
0.00640617
0.00640617
0.00608832
0.00608832
0.00608832
0.00601199
0.00600717
0.00548284
0.0053859
0.0053859
0.0053859
0.0053859
0.00513212
0.0050478
0.00503305
0.00503305
0.00503305
0.00503305
0.00495901
0.00495901
0.00491744
0.00491744
0.00464549
0.00464549
0.00464549
0.00450705
0.00450705
0.00450705
0.00450705
0.00450705
0.00450705
0.00450705
0.00450705
0.00450705
0.00444768
0.00441748
0.00441748
0.00431969
0.00431969
0.00421194
0.00408715
0.00408715
0.00404089
0.00404089
0.00401778
0.00400702
0.00400702
0.00400076
0.00400076
0.00396852
0.00396852
0.00395551
0.00395551
0.00395551
0.00395551
0.00395551
0.00395551
0.00395551
0.00395551
0.00384906
0.00380719
0.00380719
0.00380359
0.00380359
0.00367429
0.00362289
0.00358603
0.00355677
0.00355677
0.00355677
0.00355677
0.00355677
0.00354173
0.00354173
0.00353604
0.00353552
0.00232899
0.00232899
0.00232899
0.00232899
0.00231933
0.00230124
0.00230124
0.00230124
0.00230124
0.00230124
0.00230124
0.00230124
0.00225771
0.00172829
0.00134718
0.00106129
0.0010402
0.0010402
0.0010402
0.0010402
0.0010402
0.0010402
0.0010402
0.0010402
0.0010402
0.0010402
0.0010402
0.0010402
0.00102457
0.00102457
0.00102457
0.00102457
0.00102457
0.00102457
0.00102457
0.00102457
0.000968475
0.000968475
0.000968475
0.000968475
0.000968475
0.000968475
0.000968475
0.000968475
0.000968475
0.000968475
0.000968475
0.000944107
0.00087478
0.00087478
0.00087478
0.00087478
0.000840915
0.000840915
0.000840915
0.000840915
0.000840915
0.000840915
0.000840915
0.000840915
0.000840915
0.000840915
0.000840915
0.000840915
0.000840915
0.000840915
0.000840915
0.000840915
0.000840915
0.000840915
0.000840915
0.000840915
0.000840915
0.000840915
0.000840915
0.000840915
0.000840915
0.000840915
0.000840915
0.000840915
0.000840915
0.000840737
0.000840737
0.000840737
0.000840737
0.000805179
0.000805179
0.000805179
0.000805179
0.000805179
0.00079915
0.000783183
0.000740256
0.000740256
0.000725697
0.000725697
0.000725697
0.000703786
0.00065913
0.000642436
0.000637224
0.000614842
0.000595167
0.00059133
0.000472039
0.000472039
0.000472039
0.000472039
0.00046662
0.00046662
0.00046662
0.00046662
0.00046662
0.00046662
0.00046662
0.00046662
0.00046662
0.00046662
0.00046662
0.00046662
0.00046662
0.00046662
0.00046662
0.00046662
0.00046662
0.00046662
0.00046662
0.00046662
0.00046662
0.00046662
0.00046662
0.00046662
0.00046662
0.00046662
0.00046662
0.00046662
0.00046662
0.00046662
0.00046662
0.00046662
0.00046662
0.00046662
0.00046662
0.00046662
0.00046662
0.00046662
0.00046662
0.00046662
0.00046662
0.00046662
0.00046662
0.00046662
0.00046662
0.00046662
0.000412919
0.000400341
0.000400341
0.000400341
0.000400341
0.000400341
0.000400341
0.000400341
0.000400341
0.000400341
0.000400341
0.00039808
0.00039808
0.00039808
0.00039808
0.00039808
0.00039808
0.00039808
0.00039808
0.00039808
0.00039808
0.00039808
0.00039808
0.00039808
0.000324936
0.000324936
0.000324936
0.000324936
0.000324936
0.000324936
0.000324936
0.000324936
0.000324936
0.000324936
0.000324936
0.000323631
0.000323631
0.000299091
0.000278731
0.000278731
0.000275922
0.000271041
0.000271041
0.000271041
0.000268252
0.000264124
0.000264124
0.00026366
0.00026366
0.00026366
0.000262835
0.000262795
0.000262795
0.000226631
0.000226631
0.000226631
0.000225842
0.000225842
0.000225842
0.000220433
0.000220433
0.000220433
0.000220433
0.000220433
0.00021987
0.000200142
0.000200142
0.000200142
0.000200142
0.000200142
0.000200142
0.000177256
0.000177256
0.000177256
0.000173719
0.000173719
0.000173719
0.000173719
0.000173719
0.000173719
0.000173719
0.000173719
0.000173719
0.000173719
0.000173719
0.000173719
0.000173719
0.000173719
0.000173719
0.000173719
0.000173719
0.000173719
0.000173719
0.000173719
0.000173719
0.000167133
0.000167133
0.000167133
0.000167133
0.000167133
0.000167133
0.000167133
0.000167133
0.000167133
0.000167133
0.000167133
0.000166628
0.000166628
0.000166628
0.000166628
0.000166628
0.000166628
0.000166628
0.000166628
0.000166628
0.000166628
0.000166628
0.000166628
0.000166628
0.000166628
0.000166628
0.000166628
0.000166628
0.000166628
0.000166628
0.000166628
0.000166628
0.000166628
0.000166628
0.000166628
0.000166628
0.000166628
0.000166628
0.000166628
0.000166628
0.000166628
0.000166628
0.000166628
0.000166628
0.000166628
0.000163665
0.000163665
0.000163665
0.000163665
0.000163665
0.000128151
0.000128151
0.000128151
0.000127943
0.000118886
0.000118886
0.000118886
0.000118886
0.000118886
0.000118886
0.000118886
0.000118886
0.000118886
0.000118886
0.000118886
0.000118886
0.000118886
0.000118886
0.000118886
0.000110726
0.000110726
0.000109288
0.000109288
0.000109288
0.000109288
0.000109288
0.000109288
9.91999e-005
9.91999e-005
9.91999e-005
9.91999e-005
9.91999e-005
9.91999e-005
9.91999e-005
9.91999e-005
9.91999e-005
9.91999e-005
9.91999e-005
9.91999e-005
9.91999e-005
9.91999e-005
9.91999e-005
8.9061e-005
8.9061e-005
8.23349e-005
8.23349e-005
8.23349e-005
8.23349e-005
8.23349e-005
8.23349e-005
8.23349e-005
8.23349e-005
8.23349e-005
8.23349e-005
8.23349e-005
8.23349e-005
8.23349e-005
8.23349e-005
8.23349e-005
8.23349e-005
8.23349e-005
8.23349e-005
8.23349e-005
8.23349e-005
8.23349e-005
8.23349e-005
8.23349e-005
8.23349e-005
8.23349e-005
8.23349e-005
8.23349e-005
8.23349e-005
8.23349e-005
8.23349e-005
8.23349e-005
8.23349e-005
8.23349e-005
8.23349e-005
8.23349e-005
8.23349e-005
8.23349e-005
8.23349e-005
8.23349e-005
8.23349e-005
8.23349e-005
8.23349e-005
8.23349e-005
8.23349e-005
8.23349e-005
8.23349e-005
8.23349e-005
8.23349e-005
8.23349e-005
8.23349e-005
8.23349e-005
8.23349e-005
8.23349e-005
8.23349e-005
8.23349e-005
8.23349e-005
8.23349e-005
8.20654e-005
8.20654e-005
8.20654e-005
8.20654e-005
8.20654e-005
8.20654e-005
8.20654e-005
8.20654e-005
8.20654e-005
8.20654e-005
8.20654e-005
8.20654e-005
8.20654e-005
8.20654e-005
8.20654e-005
8.20654e-005
8.20654e-005
8.20654e-005
8.20654e-005
8.20654e-005
8.20654e-005
8.20654e-005
8.20654e-005
8.20654e-005
8.20654e-005
8.20654e-005
8.19823e-005
8.19823e-005
8.19823e-005
8.19823e-005
8.19823e-005
8.19823e-005
8.19823e-005
8.19823e-005
8.19823e-005
8.19823e-005
8.19823e-005
8.19823e-005
8.19823e-005
8.19823e-005
8.19823e-005
8.19823e-005
8.19823e-005
8.19823e-005
8.19823e-005
8.19823e-005
8.19823e-005
8.19823e-005
8.19823e-005
8.19823e-005
8.19823e-005
8.19823e-005
8.19823e-005
8.19823e-005
8.19823e-005
8.19823e-005
8.19823e-005
8.19823e-005
8.19823e-005
8.19823e-005
8.19823e-005
8.19823e-005
8.19823e-005
8.19823e-005
8.19823e-005
8.19823e-005
8.19823e-005
8.19823e-005
8.19823e-005
8.19823e-005
8.19823e-005
8.19823e-005
8.19823e-005
8.19823e-005
8.05663e-005
8.05663e-005
7.9818e-005
7.9818e-005
7.9818e-005
7.9818e-005
7.9818e-005
7.9818e-005
7.9818e-005
7.9818e-005
7.9818e-005
7.81244e-005
7.81244e-005
7.81244e-005
7.60694e-005
7.60694e-005
7.60694e-005
7.60694e-005
7.60694e-005
7.60694e-005
7.60694e-005
7.60694e-005
7.60694e-005
7.60694e-005
7.60694e-005
7.60694e-005
7.60694e-005
7.60694e-005
7.60694e-005
7.60694e-005
7.60694e-005
7.60694e-005
7.60694e-005
7.60694e-005
7.60694e-005
7.60694e-005
7.60694e-005
7.60694e-005
7.60694e-005
7.60694e-005
7.60694e-005
7.60694e-005
7.60694e-005
7.60694e-005
7.60694e-005
7.60694e-005
7.60694e-005
7.57208e-005
7.56505e-005
7.56505e-005
7.56505e-005
7.56505e-005
7.56505e-005
7.56505e-005
7.56505e-005
7.56505e-005
7.56505e-005
7.56505e-005
7.33503e-005
7.33503e-005
7.3276e-005
7.3276e-005
7.3276e-005
7.3276e-005
7.3276e-005
7.3276e-005
7.3276e-005
7.3276e-005
7.3276e-005
7.3276e-005
7.3276e-005
7.3276e-005
7.3276e-005
7.3276e-005
7.3276e-005
7.3276e-005
7.3276e-005
7.3276e-005
7.23401e-005
7.23401e-005
7.23401e-005
